    1   16    1
 28.085
    1    1  1.0000  0.0000  0.0000
-13.267159   0.000000   0.000000
 -0.862886   0.000000   0.000000
  0.444200   0.000011   0.496313
  0.444200  -0.496313  -0.000011
  0.444200   0.496313   0.000011
  0.444200  -0.000011  -0.496313
 -0.862764   0.000000   0.000000
  0.126932   0.000000  -0.000000
 -0.124020   0.128473   0.128473
 -0.124020  -0.128473  -0.128473
 -0.124038  -0.128472   0.128472
  3.396568   2.174514  -2.174514
 -0.124038   0.128472  -0.128472
  3.396568  -2.174514   2.174514
  3.396028  -2.174535  -2.174535
  3.396028   2.174535   2.174535
