  16   16
1 1
    13.267158528400000    -0.000000000000000    -0.000000000000000
    -0.000000000000000    13.267158528400000    -0.000000000000000
    -0.000000000000000    -0.000000000000000    13.267158528400000
1 2
     0.862825404050000     0.000000000000000     0.000000000000000
     0.000000000000000    -0.444200223800000    -0.496313345550000
     0.000000000000000    -0.496313345550000    -0.444200223800000
1 3
    -0.444200223800000     0.000000000000000    -0.496313345550000
     0.000000000000000     0.862825404050000     0.000000000000000
    -0.496313345550000     0.000000000000000    -0.444200223800000
1 4
    -0.444200223800000     0.496313345550000     0.000000000000000
     0.496313345550000    -0.444200223800000    -0.000000000000000
     0.000000000000000    -0.000000000000000     0.862825404050000
1 5
    -0.444200223800000    -0.496313345550000     0.000000000000000
    -0.496313345550000    -0.444200223800000    -0.000000000000000
     0.000000000000000    -0.000000000000000     0.862825404050000
1 6
    -0.444200223800000    -0.000000000000000     0.496313345550000
    -0.000000000000000     0.862825404050000    -0.000000000000000
     0.496313345550000    -0.000000000000000    -0.444200223800000
1 7
     0.862825404050000    -0.000000000000000    -0.000000000000000
    -0.000000000000000    -0.444200223800000     0.496313345550000
    -0.000000000000000     0.496313345550000    -0.444200223800000
1 8
    -0.126932123450000    -0.000000000000000    -0.000000000000000
    -0.000000000000000    -0.126932123450000    -0.000000000000000
    -0.000000000000000    -0.000000000000000    -0.126932123450000
1 9
     0.124028977000000    -0.128472585700000    -0.128472585700000
    -0.128472585700000     0.124028977000000    -0.128472585700000
    -0.128472585700000    -0.128472585700000     0.124028977000000
1 10
     0.124028977000000     0.128472585700000     0.128472585700000
     0.128472585700000     0.124028977000000    -0.128472585700000
     0.128472585700000    -0.128472585700000     0.124028977000000
1 11
     0.124028977000000     0.128472585700000    -0.128472585700000
     0.128472585700000     0.124028977000000     0.128472585700000
    -0.128472585700000     0.128472585700000     0.124028977000000
1 12
    -3.396297986250000    -2.174524375900000     2.174524375900000
    -2.174524375900000    -3.396297986250000     2.174524375900000
     2.174524375900000     2.174524375900000    -3.396297986250000
1 13
     0.124028977000000    -0.128472585700000     0.128472585700000
    -0.128472585700000     0.124028977000000     0.128472585700000
     0.128472585700000     0.128472585700000     0.124028977000000
1 14
    -3.396297986250000     2.174524375900000    -2.174524375900000
     2.174524375900000    -3.396297986250000     2.174524375900000
    -2.174524375900000     2.174524375900000    -3.396297986250000
1 15
    -3.396297986250000     2.174524375900000     2.174524375900000
     2.174524375900000    -3.396297986250000    -2.174524375900000
     2.174524375900000    -2.174524375900000    -3.396297986250000
1 16
    -3.396297986250000    -2.174524375900000    -2.174524375900000
    -2.174524375900000    -3.396297986250000    -2.174524375900000
    -2.174524375900000    -2.174524375900000    -3.396297986250000
2 1
     0.862825404050000     0.000000000000000     0.000000000000000
     0.000000000000000    -0.444200223800000    -0.496313345550000
     0.000000000000000    -0.496313345550000    -0.444200223800000
2 2
    13.267158528400000    -0.000000000000000    -0.000000000000000
    -0.000000000000000    13.267158528400000    -0.000000000000000
    -0.000000000000000    -0.000000000000000    13.267158528400000
2 3
    -0.444200223800000     0.496313345550000     0.000000000000000
     0.496313345550000    -0.444200223800000    -0.000000000000000
     0.000000000000000    -0.000000000000000     0.862825404050000
2 4
    -0.444200223800000     0.000000000000000    -0.496313345550000
     0.000000000000000     0.862825404050000     0.000000000000000
    -0.496313345550000     0.000000000000000    -0.444200223800000
2 5
    -0.444200223800000    -0.000000000000000     0.496313345550000
    -0.000000000000000     0.862825404050000    -0.000000000000000
     0.496313345550000    -0.000000000000000    -0.444200223800000
2 6
    -0.444200223800000    -0.496313345550000     0.000000000000000
    -0.496313345550000    -0.444200223800000    -0.000000000000000
     0.000000000000000    -0.000000000000000     0.862825404050000
2 7
    -0.126932123450000    -0.000000000000000    -0.000000000000000
    -0.000000000000000    -0.126932123450000    -0.000000000000000
    -0.000000000000000    -0.000000000000000    -0.126932123450000
2 8
     0.862825404050000    -0.000000000000000    -0.000000000000000
    -0.000000000000000    -0.444200223800000     0.496313345550000
    -0.000000000000000     0.496313345550000    -0.444200223800000
2 9
     0.124028977000000     0.128472585700000     0.128472585700000
     0.128472585700000     0.124028977000000    -0.128472585700000
     0.128472585700000    -0.128472585700000     0.124028977000000
2 10
     0.124028977000000    -0.128472585700000    -0.128472585700000
    -0.128472585700000     0.124028977000000    -0.128472585700000
    -0.128472585700000    -0.128472585700000     0.124028977000000
2 11
    -3.396297986250000    -2.174524375900000     2.174524375900000
    -2.174524375900000    -3.396297986250000     2.174524375900000
     2.174524375900000     2.174524375900000    -3.396297986250000
2 12
     0.124028977000000     0.128472585700000    -0.128472585700000
     0.128472585700000     0.124028977000000     0.128472585700000
    -0.128472585700000     0.128472585700000     0.124028977000000
2 13
    -3.396297986250000     2.174524375900000    -2.174524375900000
     2.174524375900000    -3.396297986250000     2.174524375900000
    -2.174524375900000     2.174524375900000    -3.396297986250000
2 14
     0.124028977000000    -0.128472585700000     0.128472585700000
    -0.128472585700000     0.124028977000000     0.128472585700000
     0.128472585700000     0.128472585700000     0.124028977000000
2 15
    -3.396297986250000    -2.174524375900000    -2.174524375900000
    -2.174524375900000    -3.396297986250000    -2.174524375900000
    -2.174524375900000    -2.174524375900000    -3.396297986250000
2 16
    -3.396297986250000     2.174524375900000     2.174524375900000
     2.174524375900000    -3.396297986250000    -2.174524375900000
     2.174524375900000    -2.174524375900000    -3.396297986250000
3 1
    -0.444200223800000     0.000000000000000    -0.496313345550000
     0.000000000000000     0.862825404050000     0.000000000000000
    -0.496313345550000     0.000000000000000    -0.444200223800000
3 2
    -0.444200223800000     0.496313345550000     0.000000000000000
     0.496313345550000    -0.444200223800000    -0.000000000000000
     0.000000000000000    -0.000000000000000     0.862825404050000
3 3
    13.267158528400000    -0.000000000000000    -0.000000000000000
    -0.000000000000000    13.267158528400000    -0.000000000000000
    -0.000000000000000    -0.000000000000000    13.267158528400000
3 4
     0.862825404050000     0.000000000000000     0.000000000000000
     0.000000000000000    -0.444200223800000    -0.496313345550000
     0.000000000000000    -0.496313345550000    -0.444200223800000
3 5
     0.862825404050000    -0.000000000000000    -0.000000000000000
    -0.000000000000000    -0.444200223800000     0.496313345550000
    -0.000000000000000     0.496313345550000    -0.444200223800000
3 6
    -0.126932123450000    -0.000000000000000    -0.000000000000000
    -0.000000000000000    -0.126932123450000    -0.000000000000000
    -0.000000000000000    -0.000000000000000    -0.126932123450000
3 7
    -0.444200223800000    -0.496313345550000     0.000000000000000
    -0.496313345550000    -0.444200223800000    -0.000000000000000
     0.000000000000000    -0.000000000000000     0.862825404050000
3 8
    -0.444200223800000    -0.000000000000000     0.496313345550000
    -0.000000000000000     0.862825404050000    -0.000000000000000
     0.496313345550000    -0.000000000000000    -0.444200223800000
3 9
     0.124028977000000     0.128472585700000    -0.128472585700000
     0.128472585700000     0.124028977000000     0.128472585700000
    -0.128472585700000     0.128472585700000     0.124028977000000
3 10
    -3.396297986250000    -2.174524375900000     2.174524375900000
    -2.174524375900000    -3.396297986250000     2.174524375900000
     2.174524375900000     2.174524375900000    -3.396297986250000
3 11
     0.124028977000000    -0.128472585700000    -0.128472585700000
    -0.128472585700000     0.124028977000000    -0.128472585700000
    -0.128472585700000    -0.128472585700000     0.124028977000000
3 12
     0.124028977000000     0.128472585700000     0.128472585700000
     0.128472585700000     0.124028977000000    -0.128472585700000
     0.128472585700000    -0.128472585700000     0.124028977000000
3 13
    -3.396297986250000     2.174524375900000     2.174524375900000
     2.174524375900000    -3.396297986250000    -2.174524375900000
     2.174524375900000    -2.174524375900000    -3.396297986250000
3 14
    -3.396297986250000    -2.174524375900000    -2.174524375900000
    -2.174524375900000    -3.396297986250000    -2.174524375900000
    -2.174524375900000    -2.174524375900000    -3.396297986250000
3 15
     0.124028977000000    -0.128472585700000     0.128472585700000
    -0.128472585700000     0.124028977000000     0.128472585700000
     0.128472585700000     0.128472585700000     0.124028977000000
3 16
    -3.396297986250000     2.174524375900000    -2.174524375900000
     2.174524375900000    -3.396297986250000     2.174524375900000
    -2.174524375900000     2.174524375900000    -3.396297986250000
4 1
    -0.444200223800000     0.496313345550000     0.000000000000000
     0.496313345550000    -0.444200223800000    -0.000000000000000
     0.000000000000000    -0.000000000000000     0.862825404050000
4 2
    -0.444200223800000     0.000000000000000    -0.496313345550000
     0.000000000000000     0.862825404050000     0.000000000000000
    -0.496313345550000     0.000000000000000    -0.444200223800000
4 3
     0.862825404050000     0.000000000000000     0.000000000000000
     0.000000000000000    -0.444200223800000    -0.496313345550000
     0.000000000000000    -0.496313345550000    -0.444200223800000
4 4
    13.267158528400000    -0.000000000000000    -0.000000000000000
    -0.000000000000000    13.267158528400000    -0.000000000000000
    -0.000000000000000    -0.000000000000000    13.267158528400000
4 5
    -0.126932123450000    -0.000000000000000    -0.000000000000000
    -0.000000000000000    -0.126932123450000    -0.000000000000000
    -0.000000000000000    -0.000000000000000    -0.126932123450000
4 6
     0.862825404050000    -0.000000000000000    -0.000000000000000
    -0.000000000000000    -0.444200223800000     0.496313345550000
    -0.000000000000000     0.496313345550000    -0.444200223800000
4 7
    -0.444200223800000    -0.000000000000000     0.496313345550000
    -0.000000000000000     0.862825404050000    -0.000000000000000
     0.496313345550000    -0.000000000000000    -0.444200223800000
4 8
    -0.444200223800000    -0.496313345550000     0.000000000000000
    -0.496313345550000    -0.444200223800000    -0.000000000000000
     0.000000000000000    -0.000000000000000     0.862825404050000
4 9
    -3.396297986250000    -2.174524375900000     2.174524375900000
    -2.174524375900000    -3.396297986250000     2.174524375900000
     2.174524375900000     2.174524375900000    -3.396297986250000
4 10
     0.124028977000000     0.128472585700000    -0.128472585700000
     0.128472585700000     0.124028977000000     0.128472585700000
    -0.128472585700000     0.128472585700000     0.124028977000000
4 11
     0.124028977000000     0.128472585700000     0.128472585700000
     0.128472585700000     0.124028977000000    -0.128472585700000
     0.128472585700000    -0.128472585700000     0.124028977000000
4 12
     0.124028977000000    -0.128472585700000    -0.128472585700000
    -0.128472585700000     0.124028977000000    -0.128472585700000
    -0.128472585700000    -0.128472585700000     0.124028977000000
4 13
    -3.396297986250000    -2.174524375900000    -2.174524375900000
    -2.174524375900000    -3.396297986250000    -2.174524375900000
    -2.174524375900000    -2.174524375900000    -3.396297986250000
4 14
    -3.396297986250000     2.174524375900000     2.174524375900000
     2.174524375900000    -3.396297986250000    -2.174524375900000
     2.174524375900000    -2.174524375900000    -3.396297986250000
4 15
    -3.396297986250000     2.174524375900000    -2.174524375900000
     2.174524375900000    -3.396297986250000     2.174524375900000
    -2.174524375900000     2.174524375900000    -3.396297986250000
4 16
     0.124028977000000    -0.128472585700000     0.128472585700000
    -0.128472585700000     0.124028977000000     0.128472585700000
     0.128472585700000     0.128472585700000     0.124028977000000
5 1
    -0.444200223800000    -0.496313345550000     0.000000000000000
    -0.496313345550000    -0.444200223800000    -0.000000000000000
     0.000000000000000    -0.000000000000000     0.862825404050000
5 2
    -0.444200223800000    -0.000000000000000     0.496313345550000
    -0.000000000000000     0.862825404050000    -0.000000000000000
     0.496313345550000    -0.000000000000000    -0.444200223800000
5 3
     0.862825404050000    -0.000000000000000    -0.000000000000000
    -0.000000000000000    -0.444200223800000     0.496313345550000
    -0.000000000000000     0.496313345550000    -0.444200223800000
5 4
    -0.126932123450000    -0.000000000000000    -0.000000000000000
    -0.000000000000000    -0.126932123450000    -0.000000000000000
    -0.000000000000000    -0.000000000000000    -0.126932123450000
5 5
    13.267158528400000    -0.000000000000000    -0.000000000000000
    -0.000000000000000    13.267158528400000    -0.000000000000000
    -0.000000000000000    -0.000000000000000    13.267158528400000
5 6
     0.862825404050000     0.000000000000000     0.000000000000000
     0.000000000000000    -0.444200223800000    -0.496313345550000
     0.000000000000000    -0.496313345550000    -0.444200223800000
5 7
    -0.444200223800000     0.000000000000000    -0.496313345550000
     0.000000000000000     0.862825404050000     0.000000000000000
    -0.496313345550000     0.000000000000000    -0.444200223800000
5 8
    -0.444200223800000     0.496313345550000     0.000000000000000
     0.496313345550000    -0.444200223800000    -0.000000000000000
     0.000000000000000    -0.000000000000000     0.862825404050000
5 9
     0.124028977000000    -0.128472585700000     0.128472585700000
    -0.128472585700000     0.124028977000000     0.128472585700000
     0.128472585700000     0.128472585700000     0.124028977000000
5 10
    -3.396297986250000     2.174524375900000    -2.174524375900000
     2.174524375900000    -3.396297986250000     2.174524375900000
    -2.174524375900000     2.174524375900000    -3.396297986250000
5 11
    -3.396297986250000     2.174524375900000     2.174524375900000
     2.174524375900000    -3.396297986250000    -2.174524375900000
     2.174524375900000    -2.174524375900000    -3.396297986250000
5 12
    -3.396297986250000    -2.174524375900000    -2.174524375900000
    -2.174524375900000    -3.396297986250000    -2.174524375900000
    -2.174524375900000    -2.174524375900000    -3.396297986250000
5 13
     0.124028977000000    -0.128472585700000    -0.128472585700000
    -0.128472585700000     0.124028977000000    -0.128472585700000
    -0.128472585700000    -0.128472585700000     0.124028977000000
5 14
     0.124028977000000     0.128472585700000     0.128472585700000
     0.128472585700000     0.124028977000000    -0.128472585700000
     0.128472585700000    -0.128472585700000     0.124028977000000
5 15
     0.124028977000000     0.128472585700000    -0.128472585700000
     0.128472585700000     0.124028977000000     0.128472585700000
    -0.128472585700000     0.128472585700000     0.124028977000000
5 16
    -3.396297986250000    -2.174524375900000     2.174524375900000
    -2.174524375900000    -3.396297986250000     2.174524375900000
     2.174524375900000     2.174524375900000    -3.396297986250000
6 1
    -0.444200223800000    -0.000000000000000     0.496313345550000
    -0.000000000000000     0.862825404050000    -0.000000000000000
     0.496313345550000    -0.000000000000000    -0.444200223800000
6 2
    -0.444200223800000    -0.496313345550000     0.000000000000000
    -0.496313345550000    -0.444200223800000    -0.000000000000000
     0.000000000000000    -0.000000000000000     0.862825404050000
6 3
    -0.126932123450000    -0.000000000000000    -0.000000000000000
    -0.000000000000000    -0.126932123450000    -0.000000000000000
    -0.000000000000000    -0.000000000000000    -0.126932123450000
6 4
     0.862825404050000    -0.000000000000000    -0.000000000000000
    -0.000000000000000    -0.444200223800000     0.496313345550000
    -0.000000000000000     0.496313345550000    -0.444200223800000
6 5
     0.862825404050000     0.000000000000000     0.000000000000000
     0.000000000000000    -0.444200223800000    -0.496313345550000
     0.000000000000000    -0.496313345550000    -0.444200223800000
6 6
    13.267158528400000    -0.000000000000000    -0.000000000000000
    -0.000000000000000    13.267158528400000    -0.000000000000000
    -0.000000000000000    -0.000000000000000    13.267158528400000
6 7
    -0.444200223800000     0.496313345550000     0.000000000000000
     0.496313345550000    -0.444200223800000    -0.000000000000000
     0.000000000000000    -0.000000000000000     0.862825404050000
6 8
    -0.444200223800000     0.000000000000000    -0.496313345550000
     0.000000000000000     0.862825404050000     0.000000000000000
    -0.496313345550000     0.000000000000000    -0.444200223800000
6 9
    -3.396297986250000     2.174524375900000    -2.174524375900000
     2.174524375900000    -3.396297986250000     2.174524375900000
    -2.174524375900000     2.174524375900000    -3.396297986250000
6 10
     0.124028977000000    -0.128472585700000     0.128472585700000
    -0.128472585700000     0.124028977000000     0.128472585700000
     0.128472585700000     0.128472585700000     0.124028977000000
6 11
    -3.396297986250000    -2.174524375900000    -2.174524375900000
    -2.174524375900000    -3.396297986250000    -2.174524375900000
    -2.174524375900000    -2.174524375900000    -3.396297986250000
6 12
    -3.396297986250000     2.174524375900000     2.174524375900000
     2.174524375900000    -3.396297986250000    -2.174524375900000
     2.174524375900000    -2.174524375900000    -3.396297986250000
6 13
     0.124028977000000     0.128472585700000     0.128472585700000
     0.128472585700000     0.124028977000000    -0.128472585700000
     0.128472585700000    -0.128472585700000     0.124028977000000
6 14
     0.124028977000000    -0.128472585700000    -0.128472585700000
    -0.128472585700000     0.124028977000000    -0.128472585700000
    -0.128472585700000    -0.128472585700000     0.124028977000000
6 15
    -3.396297986250000    -2.174524375900000     2.174524375900000
    -2.174524375900000    -3.396297986250000     2.174524375900000
     2.174524375900000     2.174524375900000    -3.396297986250000
6 16
     0.124028977000000     0.128472585700000    -0.128472585700000
     0.128472585700000     0.124028977000000     0.128472585700000
    -0.128472585700000     0.128472585700000     0.124028977000000
7 1
     0.862825404050000    -0.000000000000000    -0.000000000000000
    -0.000000000000000    -0.444200223800000     0.496313345550000
    -0.000000000000000     0.496313345550000    -0.444200223800000
7 2
    -0.126932123450000    -0.000000000000000    -0.000000000000000
    -0.000000000000000    -0.126932123450000    -0.000000000000000
    -0.000000000000000    -0.000000000000000    -0.126932123450000
7 3
    -0.444200223800000    -0.496313345550000     0.000000000000000
    -0.496313345550000    -0.444200223800000    -0.000000000000000
     0.000000000000000    -0.000000000000000     0.862825404050000
7 4
    -0.444200223800000    -0.000000000000000     0.496313345550000
    -0.000000000000000     0.862825404050000    -0.000000000000000
     0.496313345550000    -0.000000000000000    -0.444200223800000
7 5
    -0.444200223800000     0.000000000000000    -0.496313345550000
     0.000000000000000     0.862825404050000     0.000000000000000
    -0.496313345550000     0.000000000000000    -0.444200223800000
7 6
    -0.444200223800000     0.496313345550000     0.000000000000000
     0.496313345550000    -0.444200223800000    -0.000000000000000
     0.000000000000000    -0.000000000000000     0.862825404050000
7 7
    13.267158528400000    -0.000000000000000    -0.000000000000000
    -0.000000000000000    13.267158528400000    -0.000000000000000
    -0.000000000000000    -0.000000000000000    13.267158528400000
7 8
     0.862825404050000     0.000000000000000     0.000000000000000
     0.000000000000000    -0.444200223800000    -0.496313345550000
     0.000000000000000    -0.496313345550000    -0.444200223800000
7 9
    -3.396297986250000     2.174524375900000     2.174524375900000
     2.174524375900000    -3.396297986250000    -2.174524375900000
     2.174524375900000    -2.174524375900000    -3.396297986250000
7 10
    -3.396297986250000    -2.174524375900000    -2.174524375900000
    -2.174524375900000    -3.396297986250000    -2.174524375900000
    -2.174524375900000    -2.174524375900000    -3.396297986250000
7 11
     0.124028977000000    -0.128472585700000     0.128472585700000
    -0.128472585700000     0.124028977000000     0.128472585700000
     0.128472585700000     0.128472585700000     0.124028977000000
7 12
    -3.396297986250000     2.174524375900000    -2.174524375900000
     2.174524375900000    -3.396297986250000     2.174524375900000
    -2.174524375900000     2.174524375900000    -3.396297986250000
7 13
     0.124028977000000     0.128472585700000    -0.128472585700000
     0.128472585700000     0.124028977000000     0.128472585700000
    -0.128472585700000     0.128472585700000     0.124028977000000
7 14
    -3.396297986250000    -2.174524375900000     2.174524375900000
    -2.174524375900000    -3.396297986250000     2.174524375900000
     2.174524375900000     2.174524375900000    -3.396297986250000
7 15
     0.124028977000000    -0.128472585700000    -0.128472585700000
    -0.128472585700000     0.124028977000000    -0.128472585700000
    -0.128472585700000    -0.128472585700000     0.124028977000000
7 16
     0.124028977000000     0.128472585700000     0.128472585700000
     0.128472585700000     0.124028977000000    -0.128472585700000
     0.128472585700000    -0.128472585700000     0.124028977000000
8 1
    -0.126932123450000    -0.000000000000000    -0.000000000000000
    -0.000000000000000    -0.126932123450000    -0.000000000000000
    -0.000000000000000    -0.000000000000000    -0.126932123450000
8 2
     0.862825404050000    -0.000000000000000    -0.000000000000000
    -0.000000000000000    -0.444200223800000     0.496313345550000
    -0.000000000000000     0.496313345550000    -0.444200223800000
8 3
    -0.444200223800000    -0.000000000000000     0.496313345550000
    -0.000000000000000     0.862825404050000    -0.000000000000000
     0.496313345550000    -0.000000000000000    -0.444200223800000
8 4
    -0.444200223800000    -0.496313345550000     0.000000000000000
    -0.496313345550000    -0.444200223800000    -0.000000000000000
     0.000000000000000    -0.000000000000000     0.862825404050000
8 5
    -0.444200223800000     0.496313345550000     0.000000000000000
     0.496313345550000    -0.444200223800000    -0.000000000000000
     0.000000000000000    -0.000000000000000     0.862825404050000
8 6
    -0.444200223800000     0.000000000000000    -0.496313345550000
     0.000000000000000     0.862825404050000     0.000000000000000
    -0.496313345550000     0.000000000000000    -0.444200223800000
8 7
     0.862825404050000     0.000000000000000     0.000000000000000
     0.000000000000000    -0.444200223800000    -0.496313345550000
     0.000000000000000    -0.496313345550000    -0.444200223800000
8 8
    13.267158528400000    -0.000000000000000    -0.000000000000000
    -0.000000000000000    13.267158528400000    -0.000000000000000
    -0.000000000000000    -0.000000000000000    13.267158528400000
8 9
    -3.396297986250000    -2.174524375900000    -2.174524375900000
    -2.174524375900000    -3.396297986250000    -2.174524375900000
    -2.174524375900000    -2.174524375900000    -3.396297986250000
8 10
    -3.396297986250000     2.174524375900000     2.174524375900000
     2.174524375900000    -3.396297986250000    -2.174524375900000
     2.174524375900000    -2.174524375900000    -3.396297986250000
8 11
    -3.396297986250000     2.174524375900000    -2.174524375900000
     2.174524375900000    -3.396297986250000     2.174524375900000
    -2.174524375900000     2.174524375900000    -3.396297986250000
8 12
     0.124028977000000    -0.128472585700000     0.128472585700000
    -0.128472585700000     0.124028977000000     0.128472585700000
     0.128472585700000     0.128472585700000     0.124028977000000
8 13
    -3.396297986250000    -2.174524375900000     2.174524375900000
    -2.174524375900000    -3.396297986250000     2.174524375900000
     2.174524375900000     2.174524375900000    -3.396297986250000
8 14
     0.124028977000000     0.128472585700000    -0.128472585700000
     0.128472585700000     0.124028977000000     0.128472585700000
    -0.128472585700000     0.128472585700000     0.124028977000000
8 15
     0.124028977000000     0.128472585700000     0.128472585700000
     0.128472585700000     0.124028977000000    -0.128472585700000
     0.128472585700000    -0.128472585700000     0.124028977000000
8 16
     0.124028977000000    -0.128472585700000    -0.128472585700000
    -0.128472585700000     0.124028977000000    -0.128472585700000
    -0.128472585700000    -0.128472585700000     0.124028977000000
9 1
     0.124028977000000    -0.128472585700000    -0.128472585700000
    -0.128472585700000     0.124028977000000    -0.128472585700000
    -0.128472585700000    -0.128472585700000     0.124028977000000
9 2
     0.124028977000000     0.128472585700000     0.128472585700000
     0.128472585700000     0.124028977000000    -0.128472585700000
     0.128472585700000    -0.128472585700000     0.124028977000000
9 3
     0.124028977000000     0.128472585700000    -0.128472585700000
     0.128472585700000     0.124028977000000     0.128472585700000
    -0.128472585700000     0.128472585700000     0.124028977000000
9 4
    -3.396297986250000    -2.174524375900000     2.174524375900000
    -2.174524375900000    -3.396297986250000     2.174524375900000
     2.174524375900000     2.174524375900000    -3.396297986250000
9 5
     0.124028977000000    -0.128472585700000     0.128472585700000
    -0.128472585700000     0.124028977000000     0.128472585700000
     0.128472585700000     0.128472585700000     0.124028977000000
9 6
    -3.396297986250000     2.174524375900000    -2.174524375900000
     2.174524375900000    -3.396297986250000     2.174524375900000
    -2.174524375900000     2.174524375900000    -3.396297986250000
9 7
    -3.396297986250000     2.174524375900000     2.174524375900000
     2.174524375900000    -3.396297986250000    -2.174524375900000
     2.174524375900000    -2.174524375900000    -3.396297986250000
9 8
    -3.396297986250000    -2.174524375900000    -2.174524375900000
    -2.174524375900000    -3.396297986250000    -2.174524375900000
    -2.174524375900000    -2.174524375900000    -3.396297986250000
9 9
    13.267158528400000    -0.000000000000000    -0.000000000000000
    -0.000000000000000    13.267158528400000    -0.000000000000000
    -0.000000000000000    -0.000000000000000    13.267158528400000
9 10
     0.862825404050000     0.000000000000000     0.000000000000000
     0.000000000000000    -0.444200223800000    -0.496313345550000
     0.000000000000000    -0.496313345550000    -0.444200223800000
9 11
    -0.444200223800000     0.000000000000000    -0.496313345550000
     0.000000000000000     0.862825404050000     0.000000000000000
    -0.496313345550000     0.000000000000000    -0.444200223800000
9 12
    -0.444200223800000     0.496313345550000     0.000000000000000
     0.496313345550000    -0.444200223800000    -0.000000000000000
     0.000000000000000    -0.000000000000000     0.862825404050000
9 13
    -0.444200223800000    -0.496313345550000     0.000000000000000
    -0.496313345550000    -0.444200223800000    -0.000000000000000
     0.000000000000000    -0.000000000000000     0.862825404050000
9 14
    -0.444200223800000    -0.000000000000000     0.496313345550000
    -0.000000000000000     0.862825404050000    -0.000000000000000
     0.496313345550000    -0.000000000000000    -0.444200223800000
9 15
     0.862825404050000    -0.000000000000000    -0.000000000000000
    -0.000000000000000    -0.444200223800000     0.496313345550000
    -0.000000000000000     0.496313345550000    -0.444200223800000
9 16
    -0.126932123450000    -0.000000000000000    -0.000000000000000
    -0.000000000000000    -0.126932123450000    -0.000000000000000
    -0.000000000000000    -0.000000000000000    -0.126932123450000
10 1
     0.124028977000000     0.128472585700000     0.128472585700000
     0.128472585700000     0.124028977000000    -0.128472585700000
     0.128472585700000    -0.128472585700000     0.124028977000000
10 2
     0.124028977000000    -0.128472585700000    -0.128472585700000
    -0.128472585700000     0.124028977000000    -0.128472585700000
    -0.128472585700000    -0.128472585700000     0.124028977000000
10 3
    -3.396297986250000    -2.174524375900000     2.174524375900000
    -2.174524375900000    -3.396297986250000     2.174524375900000
     2.174524375900000     2.174524375900000    -3.396297986250000
10 4
     0.124028977000000     0.128472585700000    -0.128472585700000
     0.128472585700000     0.124028977000000     0.128472585700000
    -0.128472585700000     0.128472585700000     0.124028977000000
10 5
    -3.396297986250000     2.174524375900000    -2.174524375900000
     2.174524375900000    -3.396297986250000     2.174524375900000
    -2.174524375900000     2.174524375900000    -3.396297986250000
10 6
     0.124028977000000    -0.128472585700000     0.128472585700000
    -0.128472585700000     0.124028977000000     0.128472585700000
     0.128472585700000     0.128472585700000     0.124028977000000
10 7
    -3.396297986250000    -2.174524375900000    -2.174524375900000
    -2.174524375900000    -3.396297986250000    -2.174524375900000
    -2.174524375900000    -2.174524375900000    -3.396297986250000
10 8
    -3.396297986250000     2.174524375900000     2.174524375900000
     2.174524375900000    -3.396297986250000    -2.174524375900000
     2.174524375900000    -2.174524375900000    -3.396297986250000
10 9
     0.862825404050000     0.000000000000000     0.000000000000000
     0.000000000000000    -0.444200223800000    -0.496313345550000
     0.000000000000000    -0.496313345550000    -0.444200223800000
10 10
    13.267158528400000    -0.000000000000000    -0.000000000000000
    -0.000000000000000    13.267158528400000    -0.000000000000000
    -0.000000000000000    -0.000000000000000    13.267158528400000
10 11
    -0.444200223800000     0.496313345550000     0.000000000000000
     0.496313345550000    -0.444200223800000    -0.000000000000000
     0.000000000000000    -0.000000000000000     0.862825404050000
10 12
    -0.444200223800000     0.000000000000000    -0.496313345550000
     0.000000000000000     0.862825404050000     0.000000000000000
    -0.496313345550000     0.000000000000000    -0.444200223800000
10 13
    -0.444200223800000    -0.000000000000000     0.496313345550000
    -0.000000000000000     0.862825404050000    -0.000000000000000
     0.496313345550000    -0.000000000000000    -0.444200223800000
10 14
    -0.444200223800000    -0.496313345550000     0.000000000000000
    -0.496313345550000    -0.444200223800000    -0.000000000000000
     0.000000000000000    -0.000000000000000     0.862825404050000
10 15
    -0.126932123450000    -0.000000000000000    -0.000000000000000
    -0.000000000000000    -0.126932123450000    -0.000000000000000
    -0.000000000000000    -0.000000000000000    -0.126932123450000
10 16
     0.862825404050000    -0.000000000000000    -0.000000000000000
    -0.000000000000000    -0.444200223800000     0.496313345550000
    -0.000000000000000     0.496313345550000    -0.444200223800000
11 1
     0.124028977000000     0.128472585700000    -0.128472585700000
     0.128472585700000     0.124028977000000     0.128472585700000
    -0.128472585700000     0.128472585700000     0.124028977000000
11 2
    -3.396297986250000    -2.174524375900000     2.174524375900000
    -2.174524375900000    -3.396297986250000     2.174524375900000
     2.174524375900000     2.174524375900000    -3.396297986250000
11 3
     0.124028977000000    -0.128472585700000    -0.128472585700000
    -0.128472585700000     0.124028977000000    -0.128472585700000
    -0.128472585700000    -0.128472585700000     0.124028977000000
11 4
     0.124028977000000     0.128472585700000     0.128472585700000
     0.128472585700000     0.124028977000000    -0.128472585700000
     0.128472585700000    -0.128472585700000     0.124028977000000
11 5
    -3.396297986250000     2.174524375900000     2.174524375900000
     2.174524375900000    -3.396297986250000    -2.174524375900000
     2.174524375900000    -2.174524375900000    -3.396297986250000
11 6
    -3.396297986250000    -2.174524375900000    -2.174524375900000
    -2.174524375900000    -3.396297986250000    -2.174524375900000
    -2.174524375900000    -2.174524375900000    -3.396297986250000
11 7
     0.124028977000000    -0.128472585700000     0.128472585700000
    -0.128472585700000     0.124028977000000     0.128472585700000
     0.128472585700000     0.128472585700000     0.124028977000000
11 8
    -3.396297986250000     2.174524375900000    -2.174524375900000
     2.174524375900000    -3.396297986250000     2.174524375900000
    -2.174524375900000     2.174524375900000    -3.396297986250000
11 9
    -0.444200223800000     0.000000000000000    -0.496313345550000
     0.000000000000000     0.862825404050000     0.000000000000000
    -0.496313345550000     0.000000000000000    -0.444200223800000
11 10
    -0.444200223800000     0.496313345550000     0.000000000000000
     0.496313345550000    -0.444200223800000    -0.000000000000000
     0.000000000000000    -0.000000000000000     0.862825404050000
11 11
    13.267158528400000    -0.000000000000000    -0.000000000000000
    -0.000000000000000    13.267158528400000    -0.000000000000000
    -0.000000000000000    -0.000000000000000    13.267158528400000
11 12
     0.862825404050000     0.000000000000000     0.000000000000000
     0.000000000000000    -0.444200223800000    -0.496313345550000
     0.000000000000000    -0.496313345550000    -0.444200223800000
11 13
     0.862825404050000    -0.000000000000000    -0.000000000000000
    -0.000000000000000    -0.444200223800000     0.496313345550000
    -0.000000000000000     0.496313345550000    -0.444200223800000
11 14
    -0.126932123450000    -0.000000000000000    -0.000000000000000
    -0.000000000000000    -0.126932123450000    -0.000000000000000
    -0.000000000000000    -0.000000000000000    -0.126932123450000
11 15
    -0.444200223800000    -0.496313345550000     0.000000000000000
    -0.496313345550000    -0.444200223800000    -0.000000000000000
     0.000000000000000    -0.000000000000000     0.862825404050000
11 16
    -0.444200223800000    -0.000000000000000     0.496313345550000
    -0.000000000000000     0.862825404050000    -0.000000000000000
     0.496313345550000    -0.000000000000000    -0.444200223800000
12 1
    -3.396297986250000    -2.174524375900000     2.174524375900000
    -2.174524375900000    -3.396297986250000     2.174524375900000
     2.174524375900000     2.174524375900000    -3.396297986250000
12 2
     0.124028977000000     0.128472585700000    -0.128472585700000
     0.128472585700000     0.124028977000000     0.128472585700000
    -0.128472585700000     0.128472585700000     0.124028977000000
12 3
     0.124028977000000     0.128472585700000     0.128472585700000
     0.128472585700000     0.124028977000000    -0.128472585700000
     0.128472585700000    -0.128472585700000     0.124028977000000
12 4
     0.124028977000000    -0.128472585700000    -0.128472585700000
    -0.128472585700000     0.124028977000000    -0.128472585700000
    -0.128472585700000    -0.128472585700000     0.124028977000000
12 5
    -3.396297986250000    -2.174524375900000    -2.174524375900000
    -2.174524375900000    -3.396297986250000    -2.174524375900000
    -2.174524375900000    -2.174524375900000    -3.396297986250000
12 6
    -3.396297986250000     2.174524375900000     2.174524375900000
     2.174524375900000    -3.396297986250000    -2.174524375900000
     2.174524375900000    -2.174524375900000    -3.396297986250000
12 7
    -3.396297986250000     2.174524375900000    -2.174524375900000
     2.174524375900000    -3.396297986250000     2.174524375900000
    -2.174524375900000     2.174524375900000    -3.396297986250000
12 8
     0.124028977000000    -0.128472585700000     0.128472585700000
    -0.128472585700000     0.124028977000000     0.128472585700000
     0.128472585700000     0.128472585700000     0.124028977000000
12 9
    -0.444200223800000     0.496313345550000     0.000000000000000
     0.496313345550000    -0.444200223800000    -0.000000000000000
     0.000000000000000    -0.000000000000000     0.862825404050000
12 10
    -0.444200223800000     0.000000000000000    -0.496313345550000
     0.000000000000000     0.862825404050000     0.000000000000000
    -0.496313345550000     0.000000000000000    -0.444200223800000
12 11
     0.862825404050000     0.000000000000000     0.000000000000000
     0.000000000000000    -0.444200223800000    -0.496313345550000
     0.000000000000000    -0.496313345550000    -0.444200223800000
12 12
    13.267158528400000    -0.000000000000000    -0.000000000000000
    -0.000000000000000    13.267158528400000    -0.000000000000000
    -0.000000000000000    -0.000000000000000    13.267158528400000
12 13
    -0.126932123450000    -0.000000000000000    -0.000000000000000
    -0.000000000000000    -0.126932123450000    -0.000000000000000
    -0.000000000000000    -0.000000000000000    -0.126932123450000
12 14
     0.862825404050000    -0.000000000000000    -0.000000000000000
    -0.000000000000000    -0.444200223800000     0.496313345550000
    -0.000000000000000     0.496313345550000    -0.444200223800000
12 15
    -0.444200223800000    -0.000000000000000     0.496313345550000
    -0.000000000000000     0.862825404050000    -0.000000000000000
     0.496313345550000    -0.000000000000000    -0.444200223800000
12 16
    -0.444200223800000    -0.496313345550000     0.000000000000000
    -0.496313345550000    -0.444200223800000    -0.000000000000000
     0.000000000000000    -0.000000000000000     0.862825404050000
13 1
     0.124028977000000    -0.128472585700000     0.128472585700000
    -0.128472585700000     0.124028977000000     0.128472585700000
     0.128472585700000     0.128472585700000     0.124028977000000
13 2
    -3.396297986250000     2.174524375900000    -2.174524375900000
     2.174524375900000    -3.396297986250000     2.174524375900000
    -2.174524375900000     2.174524375900000    -3.396297986250000
13 3
    -3.396297986250000     2.174524375900000     2.174524375900000
     2.174524375900000    -3.396297986250000    -2.174524375900000
     2.174524375900000    -2.174524375900000    -3.396297986250000
13 4
    -3.396297986250000    -2.174524375900000    -2.174524375900000
    -2.174524375900000    -3.396297986250000    -2.174524375900000
    -2.174524375900000    -2.174524375900000    -3.396297986250000
13 5
     0.124028977000000    -0.128472585700000    -0.128472585700000
    -0.128472585700000     0.124028977000000    -0.128472585700000
    -0.128472585700000    -0.128472585700000     0.124028977000000
13 6
     0.124028977000000     0.128472585700000     0.128472585700000
     0.128472585700000     0.124028977000000    -0.128472585700000
     0.128472585700000    -0.128472585700000     0.124028977000000
13 7
     0.124028977000000     0.128472585700000    -0.128472585700000
     0.128472585700000     0.124028977000000     0.128472585700000
    -0.128472585700000     0.128472585700000     0.124028977000000
13 8
    -3.396297986250000    -2.174524375900000     2.174524375900000
    -2.174524375900000    -3.396297986250000     2.174524375900000
     2.174524375900000     2.174524375900000    -3.396297986250000
13 9
    -0.444200223800000    -0.496313345550000     0.000000000000000
    -0.496313345550000    -0.444200223800000    -0.000000000000000
     0.000000000000000    -0.000000000000000     0.862825404050000
13 10
    -0.444200223800000    -0.000000000000000     0.496313345550000
    -0.000000000000000     0.862825404050000    -0.000000000000000
     0.496313345550000    -0.000000000000000    -0.444200223800000
13 11
     0.862825404050000    -0.000000000000000    -0.000000000000000
    -0.000000000000000    -0.444200223800000     0.496313345550000
    -0.000000000000000     0.496313345550000    -0.444200223800000
13 12
    -0.126932123450000    -0.000000000000000    -0.000000000000000
    -0.000000000000000    -0.126932123450000    -0.000000000000000
    -0.000000000000000    -0.000000000000000    -0.126932123450000
13 13
    13.267158528400000    -0.000000000000000    -0.000000000000000
    -0.000000000000000    13.267158528400000    -0.000000000000000
    -0.000000000000000    -0.000000000000000    13.267158528400000
13 14
     0.862825404050000     0.000000000000000     0.000000000000000
     0.000000000000000    -0.444200223800000    -0.496313345550000
     0.000000000000000    -0.496313345550000    -0.444200223800000
13 15
    -0.444200223800000     0.000000000000000    -0.496313345550000
     0.000000000000000     0.862825404050000     0.000000000000000
    -0.496313345550000     0.000000000000000    -0.444200223800000
13 16
    -0.444200223800000     0.496313345550000     0.000000000000000
     0.496313345550000    -0.444200223800000    -0.000000000000000
     0.000000000000000    -0.000000000000000     0.862825404050000
14 1
    -3.396297986250000     2.174524375900000    -2.174524375900000
     2.174524375900000    -3.396297986250000     2.174524375900000
    -2.174524375900000     2.174524375900000    -3.396297986250000
14 2
     0.124028977000000    -0.128472585700000     0.128472585700000
    -0.128472585700000     0.124028977000000     0.128472585700000
     0.128472585700000     0.128472585700000     0.124028977000000
14 3
    -3.396297986250000    -2.174524375900000    -2.174524375900000
    -2.174524375900000    -3.396297986250000    -2.174524375900000
    -2.174524375900000    -2.174524375900000    -3.396297986250000
14 4
    -3.396297986250000     2.174524375900000     2.174524375900000
     2.174524375900000    -3.396297986250000    -2.174524375900000
     2.174524375900000    -2.174524375900000    -3.396297986250000
14 5
     0.124028977000000     0.128472585700000     0.128472585700000
     0.128472585700000     0.124028977000000    -0.128472585700000
     0.128472585700000    -0.128472585700000     0.124028977000000
14 6
     0.124028977000000    -0.128472585700000    -0.128472585700000
    -0.128472585700000     0.124028977000000    -0.128472585700000
    -0.128472585700000    -0.128472585700000     0.124028977000000
14 7
    -3.396297986250000    -2.174524375900000     2.174524375900000
    -2.174524375900000    -3.396297986250000     2.174524375900000
     2.174524375900000     2.174524375900000    -3.396297986250000
14 8
     0.124028977000000     0.128472585700000    -0.128472585700000
     0.128472585700000     0.124028977000000     0.128472585700000
    -0.128472585700000     0.128472585700000     0.124028977000000
14 9
    -0.444200223800000    -0.000000000000000     0.496313345550000
    -0.000000000000000     0.862825404050000    -0.000000000000000
     0.496313345550000    -0.000000000000000    -0.444200223800000
14 10
    -0.444200223800000    -0.496313345550000     0.000000000000000
    -0.496313345550000    -0.444200223800000    -0.000000000000000
     0.000000000000000    -0.000000000000000     0.862825404050000
14 11
    -0.126932123450000    -0.000000000000000    -0.000000000000000
    -0.000000000000000    -0.126932123450000    -0.000000000000000
    -0.000000000000000    -0.000000000000000    -0.126932123450000
14 12
     0.862825404050000    -0.000000000000000    -0.000000000000000
    -0.000000000000000    -0.444200223800000     0.496313345550000
    -0.000000000000000     0.496313345550000    -0.444200223800000
14 13
     0.862825404050000     0.000000000000000     0.000000000000000
     0.000000000000000    -0.444200223800000    -0.496313345550000
     0.000000000000000    -0.496313345550000    -0.444200223800000
14 14
    13.267158528400000    -0.000000000000000    -0.000000000000000
    -0.000000000000000    13.267158528400000    -0.000000000000000
    -0.000000000000000    -0.000000000000000    13.267158528400000
14 15
    -0.444200223800000     0.496313345550000     0.000000000000000
     0.496313345550000    -0.444200223800000    -0.000000000000000
     0.000000000000000    -0.000000000000000     0.862825404050000
14 16
    -0.444200223800000     0.000000000000000    -0.496313345550000
     0.000000000000000     0.862825404050000     0.000000000000000
    -0.496313345550000     0.000000000000000    -0.444200223800000
15 1
    -3.396297986250000     2.174524375900000     2.174524375900000
     2.174524375900000    -3.396297986250000    -2.174524375900000
     2.174524375900000    -2.174524375900000    -3.396297986250000
15 2
    -3.396297986250000    -2.174524375900000    -2.174524375900000
    -2.174524375900000    -3.396297986250000    -2.174524375900000
    -2.174524375900000    -2.174524375900000    -3.396297986250000
15 3
     0.124028977000000    -0.128472585700000     0.128472585700000
    -0.128472585700000     0.124028977000000     0.128472585700000
     0.128472585700000     0.128472585700000     0.124028977000000
15 4
    -3.396297986250000     2.174524375900000    -2.174524375900000
     2.174524375900000    -3.396297986250000     2.174524375900000
    -2.174524375900000     2.174524375900000    -3.396297986250000
15 5
     0.124028977000000     0.128472585700000    -0.128472585700000
     0.128472585700000     0.124028977000000     0.128472585700000
    -0.128472585700000     0.128472585700000     0.124028977000000
15 6
    -3.396297986250000    -2.174524375900000     2.174524375900000
    -2.174524375900000    -3.396297986250000     2.174524375900000
     2.174524375900000     2.174524375900000    -3.396297986250000
15 7
     0.124028977000000    -0.128472585700000    -0.128472585700000
    -0.128472585700000     0.124028977000000    -0.128472585700000
    -0.128472585700000    -0.128472585700000     0.124028977000000
15 8
     0.124028977000000     0.128472585700000     0.128472585700000
     0.128472585700000     0.124028977000000    -0.128472585700000
     0.128472585700000    -0.128472585700000     0.124028977000000
15 9
     0.862825404050000    -0.000000000000000    -0.000000000000000
    -0.000000000000000    -0.444200223800000     0.496313345550000
    -0.000000000000000     0.496313345550000    -0.444200223800000
15 10
    -0.126932123450000    -0.000000000000000    -0.000000000000000
    -0.000000000000000    -0.126932123450000    -0.000000000000000
    -0.000000000000000    -0.000000000000000    -0.126932123450000
15 11
    -0.444200223800000    -0.496313345550000     0.000000000000000
    -0.496313345550000    -0.444200223800000    -0.000000000000000
     0.000000000000000    -0.000000000000000     0.862825404050000
15 12
    -0.444200223800000    -0.000000000000000     0.496313345550000
    -0.000000000000000     0.862825404050000    -0.000000000000000
     0.496313345550000    -0.000000000000000    -0.444200223800000
15 13
    -0.444200223800000     0.000000000000000    -0.496313345550000
     0.000000000000000     0.862825404050000     0.000000000000000
    -0.496313345550000     0.000000000000000    -0.444200223800000
15 14
    -0.444200223800000     0.496313345550000     0.000000000000000
     0.496313345550000    -0.444200223800000    -0.000000000000000
     0.000000000000000    -0.000000000000000     0.862825404050000
15 15
    13.267158528400000    -0.000000000000000    -0.000000000000000
    -0.000000000000000    13.267158528400000    -0.000000000000000
    -0.000000000000000    -0.000000000000000    13.267158528400000
15 16
     0.862825404050000     0.000000000000000     0.000000000000000
     0.000000000000000    -0.444200223800000    -0.496313345550000
     0.000000000000000    -0.496313345550000    -0.444200223800000
16 1
    -3.396297986250000    -2.174524375900000    -2.174524375900000
    -2.174524375900000    -3.396297986250000    -2.174524375900000
    -2.174524375900000    -2.174524375900000    -3.396297986250000
16 2
    -3.396297986250000     2.174524375900000     2.174524375900000
     2.174524375900000    -3.396297986250000    -2.174524375900000
     2.174524375900000    -2.174524375900000    -3.396297986250000
16 3
    -3.396297986250000     2.174524375900000    -2.174524375900000
     2.174524375900000    -3.396297986250000     2.174524375900000
    -2.174524375900000     2.174524375900000    -3.396297986250000
16 4
     0.124028977000000    -0.128472585700000     0.128472585700000
    -0.128472585700000     0.124028977000000     0.128472585700000
     0.128472585700000     0.128472585700000     0.124028977000000
16 5
    -3.396297986250000    -2.174524375900000     2.174524375900000
    -2.174524375900000    -3.396297986250000     2.174524375900000
     2.174524375900000     2.174524375900000    -3.396297986250000
16 6
     0.124028977000000     0.128472585700000    -0.128472585700000
     0.128472585700000     0.124028977000000     0.128472585700000
    -0.128472585700000     0.128472585700000     0.124028977000000
16 7
     0.124028977000000     0.128472585700000     0.128472585700000
     0.128472585700000     0.124028977000000    -0.128472585700000
     0.128472585700000    -0.128472585700000     0.124028977000000
16 8
     0.124028977000000    -0.128472585700000    -0.128472585700000
    -0.128472585700000     0.124028977000000    -0.128472585700000
    -0.128472585700000    -0.128472585700000     0.124028977000000
16 9
    -0.126932123450000    -0.000000000000000    -0.000000000000000
    -0.000000000000000    -0.126932123450000    -0.000000000000000
    -0.000000000000000    -0.000000000000000    -0.126932123450000
16 10
     0.862825404050000    -0.000000000000000    -0.000000000000000
    -0.000000000000000    -0.444200223800000     0.496313345550000
    -0.000000000000000     0.496313345550000    -0.444200223800000
16 11
    -0.444200223800000    -0.000000000000000     0.496313345550000
    -0.000000000000000     0.862825404050000    -0.000000000000000
     0.496313345550000    -0.000000000000000    -0.444200223800000
16 12
    -0.444200223800000    -0.496313345550000     0.000000000000000
    -0.496313345550000    -0.444200223800000    -0.000000000000000
     0.000000000000000    -0.000000000000000     0.862825404050000
16 13
    -0.444200223800000     0.496313345550000     0.000000000000000
     0.496313345550000    -0.444200223800000    -0.000000000000000
     0.000000000000000    -0.000000000000000     0.862825404050000
16 14
    -0.444200223800000     0.000000000000000    -0.496313345550000
     0.000000000000000     0.862825404050000     0.000000000000000
    -0.496313345550000     0.000000000000000    -0.444200223800000
16 15
     0.862825404050000     0.000000000000000     0.000000000000000
     0.000000000000000    -0.444200223800000    -0.496313345550000
     0.000000000000000    -0.496313345550000    -0.444200223800000
16 16
    13.267158528400000    -0.000000000000000    -0.000000000000000
    -0.000000000000000    13.267158528400000    -0.000000000000000
    -0.000000000000000    -0.000000000000000    13.267158528400000