# Tetrahedron method
       -1.2453993835        0.0000000000        0.0000000000
       -1.1563038464        0.0000000000        0.0000000000
       -1.0672083092        0.0000000000        0.0000000000
       -0.9781127721        0.0000000000        0.0000000000
       -0.8890172350        0.0000000000        0.0000000000
       -0.7999216979        0.0000000000        0.0000000000
       -0.7108261608        0.0000000000        0.0000000000
       -0.6217306236        0.0000000000        0.0000000000
       -0.5326350865        0.0000000000        0.0000000000
       -0.4435395494        0.0000000000        0.0000000000
       -0.3544440123        0.0000000000        0.0000000000
       -0.2653484752        0.0000000000        0.0000000000
       -0.1762529380        0.0000000000        0.0000000000
       -0.0871574009        0.0000000000        0.0000000000
        0.0019381362        0.0000000000        0.0000000000
        0.0910336733        0.0000000000        0.0000000000
        0.1801292105        0.0000000000        0.0000000000
        0.2692247476        0.0003719685        0.0003719685
        0.3583202847        0.0015553523        0.0015553523
        0.4474158218        0.0028399534        0.0028399534
        0.5365113589        0.0043102968        0.0043102968
        0.6256068961        0.0059418018        0.0059418018
        0.7147024332        0.0080154517        0.0080154517
        0.8037979703        0.0102681477        0.0102681477
        0.8928935074        0.0129801741        0.0129801741
        0.9819890445        0.0157120206        0.0157120206
        1.0710845817        0.0189144768        0.0189144768
        1.1601801188        0.0222726438        0.0222726438
        1.2492756559        0.0259384576        0.0259384576
        1.3383711930        0.0299861337        0.0299861337
        1.4274667301        0.0342121498        0.0342121498
        1.5165622673        0.0388791298        0.0388791298
        1.6056578044        0.0439441632        0.0439441632
        1.6947533415        0.0490428031        0.0490428031
        1.7838488786        0.0547728886        0.0547728886
        1.8729444157        0.0611780648        0.0611780648
        1.9620399529        0.0673622279        0.0673622279
        2.0511354900        0.0746987433        0.0746987433
        2.1402310271        0.0823400408        0.0823400408
        2.2293265642        0.0901838156        0.0901838156
        2.3184221013        0.0992017000        0.0992017000
        2.4075176385        0.1088241284        0.1088241284
        2.4966131756        0.1191594358        0.1191594358
        2.5857087127        0.1304702822        0.1304702822
        2.6748042498        0.1433392786        0.1433392786
        2.7638997869        0.1571297063        0.1571297063
        2.8529953241        0.1729120332        0.1729120332
        2.9420908612        0.1913003729        0.1913003729
        3.0311863983        0.2125793148        0.2125793148
        3.1202819354        0.2382796944        0.2382796944
        3.2093774726        0.2733918558        0.2733918558
        3.2984730097        0.3338178666        0.3338178666
        3.3875685468        0.3878469457        0.3878469457
        3.4766640839        0.3795618124        0.3795618124
        3.5657596210        0.3696283666        0.3696283666
        3.6548551582        0.3637377013        0.3637377013
        3.7439506953        0.3582650832        0.3582650832
        3.8330462324        0.3555124682        0.3555124682
        3.9221417695        0.3516589137        0.3516589137
        4.0112373066        0.3468249825        0.3468249825
        4.1003328438        0.3444774943        0.3444774943
        4.1894283809        0.3406637068        0.3406637068
        4.2785239180        0.3383345362        0.3383345362
        4.3676194551        0.3405069716        0.3405069716
        4.4567149922        0.2792457358        0.2792457358
        4.5458105294        0.2505055783        0.2505055783
        4.6349060665        0.2333393644        0.2333393644
        4.7240016036        0.2171331274        0.2171331274
        4.8130971407        0.2075602999        0.2075602999
        4.9021926778        0.1958393826        0.1958393826
        4.9912882150        0.1892956950        0.1892956950
        5.0803837521        0.1830013009        0.1830013009
        5.1694792892        0.1760898797        0.1760898797
        5.2585748263        0.1725329699        0.1725329699
        5.3476703634        0.1692708584        0.1692708584
        5.4367659006        0.1643318868        0.1643318868
        5.5258614377        0.1624075555        0.1624075555
        5.6149569748        0.1601597698        0.1601597698
        5.7040525119        0.1630091341        0.1630091341
        5.7931480490        0.1672686834        0.1672686834
        5.8822435862        0.1704653277        0.1704653277
        5.9713391233        0.1800321477        0.1800321477
        6.0604346604        0.1850055548        0.1850055548
        6.1495301975        0.1886392222        0.1886392222
        6.2386257347        0.1939014684        0.1939014684
        6.3277212718        0.1982450943        0.1982450943
        6.4168168089        0.1486481884        0.1486481884
        6.5059123460        0.1220403190        0.1220403190
        6.5950078831        0.1016510106        0.1016510106
        6.6841034203        0.0818813868        0.0818813868
        6.7731989574        0.0576113012        0.0576113012
        6.8622944945        0.0329105245        0.0329105245
        6.9513900316        0.0341424142        0.0341424142
        7.0404855687        0.0353470852        0.0353470852
        7.1295811059        0.0367615235        0.0367615235
        7.2186766430        0.0382270226        0.0382270226
        7.3077721801        0.0396641300        0.0396641300
        7.3968677172        0.0410755050        0.0410755050
        7.4859632543        0.0427065616        0.0427065616
        7.5750587915        0.0444267242        0.0444267242
        7.6641543286        0.0460966480        0.0460966480
        7.7532498657        0.0477468672        0.0477468672
        7.8423454028        0.0497258872        0.0497258872
        7.9314409399        0.0517199304        0.0517199304
        8.0205364771        0.0536381654        0.0536381654
        8.1096320142        0.0557035732        0.0557035732
        8.1987275513        0.0580531692        0.0580531692
        8.2878230884        0.0603295293        0.0603295293
        8.3769186255        0.0625920670        0.0625920670
        8.4660141627        0.0652869293        0.0652869293
        8.5551096998        0.0680163674        0.0680163674
        8.6442052369        0.0706609873        0.0706609873
        8.7333007740        0.0737069431        0.0737069431
        8.8223963111        0.0769093320        0.0769093320
        8.9114918483        0.0800842357        0.0800842357
        9.0005873854        0.0836496511        0.0836496511
        9.0896829225        0.0875283521        0.0875283521
        9.1787784596        0.0912925565        0.0912925565
        9.2678739968        0.0956666306        0.0956666306
        9.3569695339        0.1003005043        0.1003005043
        9.4460650710        0.1050052775        0.1050052775
        9.5351606081        0.1106765220        0.1106765220
        9.6242561452        0.1165143348        0.1165143348
        9.7133516824        0.1228786146        0.1228786146
        9.8024472195        0.1304376770        0.1304376770
        9.8915427566        0.1385152539        0.1385152539
        9.9806382937        0.1486547040        0.1486547040
       10.0697338308        0.1603708992        0.1603708992
       10.1588293680        0.1753905673        0.1753905673
       10.2479249051        0.1966863383        0.1966863383
       10.3370204422        0.2320164693        0.2320164693
       10.4261159793        0.3494498709        0.3494498709
       10.5152115164        0.2575374978        0.2575374978
       10.6043070536        0.1943488381        0.1943488381
       10.6934025907        0.1611018135        0.1611018135
       10.7824981278        0.1424192016        0.1424192016
       10.8715936649        0.1143262086        0.1143262086
       10.9606892020        0.0931568335        0.0931568335
       11.0497847392        0.0592951907        0.0592951907
       11.1388802763        0.0451397730        0.0451397730
       11.2279758134        0.0409707719        0.0409707719
       11.3170713505        0.0496273635        0.0496273635
       11.4061668876        0.0628829011        0.0628829011
       11.4952624248        0.0870857774        0.0870857774
       11.5843579619        0.1320048805        0.1320048805
       11.6734534990        0.1973290036        0.1973290036
       11.7625490361        0.2210438962        0.2210438962
       11.8516445732        0.2383670264        0.2383670264
       11.9407401104        0.2714091223        0.2714091223
       12.0298356475        0.2741367501        0.2741367501
       12.1189311846        0.2299167522        0.2299167522
       12.2080267217        0.2034224087        0.2034224087
       12.2971222589        0.1866762482        0.1866762482
       12.3862177960        0.1746906652        0.1746906652
       12.4753133331        0.1668522523        0.1668522523
       12.5644088702        0.1604667298        0.1604667298
       12.6535044073        0.1549246361        0.1549246361
       12.7425999445        0.1505581273        0.1505581273
       12.8316954816        0.1462971173        0.1462971173
       12.9207910187        0.1427445927        0.1427445927
       13.0098865558        0.1394207098        0.1394207098
       13.0989820929        0.1362623454        0.1362623454
       13.1880776301        0.1334199764        0.1334199764
       13.2771731672        0.1307455722        0.1307455722
       13.3662687043        0.1281003257        0.1281003257
       13.4553642414        0.2348370363        0.2348370363
       13.5444597785        0.3499380684        0.3499380684
       13.6335553157        0.4845986462        0.4845986462
       13.7226508528        0.6968835521        0.6968835521
       13.8117463899        0.9968866138        0.9968866138
       13.9008419270        1.0553349663        1.0553349663
       13.9899374641        1.1247459183        1.1247459183
       14.0790330013        1.1978161453        1.1978161453
       14.1681285384        1.2584948100        1.2584948100
       14.2572240755        1.3106902845        1.3106902845
       14.3463196126        0.9914653754        0.9914653754
       14.4354151497        0.7452832915        0.7452832915
       14.5245106869        0.6063293867        0.6063293867
       14.6136062240        0.5078948206        0.5078948206
       14.7027017611        0.4275056103        0.4275056103
       14.7917972982        0.3565035887        0.3565035887
       14.8808928353        0.2887445036        0.2887445036
       14.9699883725        0.2150200940        0.2150200940
       15.0590839096        0.1062933905        0.1062933905
       15.1481794467        0.0000000000        0.0000000000
       15.2372749838        0.0000000000        0.0000000000
       15.3263705210        0.0000000000        0.0000000000
       15.4154660581        0.0000000000        0.0000000000
       15.5045615952        0.0000000000        0.0000000000
       15.5936571323        0.0000000000        0.0000000000
       15.6827526694        0.0000000000        0.0000000000
       15.7718482066        0.0000000000        0.0000000000
       15.8609437437        0.0000000000        0.0000000000
       15.9500392808        0.0000000000        0.0000000000
       16.0391348179        0.0000000000        0.0000000000
       16.1282303550        0.0000000000        0.0000000000
       16.2173258922        0.0000000000        0.0000000000
       16.3064214293        0.0000000000        0.0000000000
       16.3955169664        0.0000000000        0.0000000000
       16.4846125035        0.0000000000        0.0000000000
       16.5737080406        0.0000000000        0.0000000000
