# Tetrahedron method
       -1.2451439632        0.0000000000        0.0000000000
       -1.1560600975        0.0000000000        0.0000000000
       -1.0669762317        0.0000000000        0.0000000000
       -0.9778923660        0.0000000000        0.0000000000
       -0.8888085003        0.0000000000        0.0000000000
       -0.7997246346        0.0000000000        0.0000000000
       -0.7106407688        0.0000000000        0.0000000000
       -0.6215569031        0.0000000000        0.0000000000
       -0.5324730374        0.0000000000        0.0000000000
       -0.4433891716        0.0000000000        0.0000000000
       -0.3543053059        0.0000000000        0.0000000000
       -0.2652214402        0.0000000000        0.0000000000
       -0.1761375744        0.0000000000        0.0000000000
       -0.0870537087        0.0000000000        0.0000000000
        0.0020301570        0.0000000000        0.0000000000
        0.0911140228        0.0000000000        0.0000000000
        0.1801978885        0.0000000000        0.0000000000
        0.2692817542        0.0003718807        0.0003718807
        0.3583656200        0.0015549169        0.0015549169
        0.4474494857        0.0028390440        0.0028390440
        0.5365333514        0.0043087516        0.0043087516
        0.6256172172        0.0059394819        0.0059394819
        0.7147010829        0.0080120379        0.0080120379
        0.8037849486        0.0102633575        0.0102633575
        0.8928688144        0.0129747679        0.0129747679
        0.9819526801        0.0157052894        0.0157052894
        1.0710365458        0.0189067863        0.0189067863
        1.1601204115        0.0222629466        0.0222629466
        1.2492042773        0.0259283566        0.0259283566
        1.3382881430        0.0299735609        0.0299735609
        1.4273720087        0.0341998518        0.0341998518
        1.5164558745        0.0388644170        0.0388644170
        1.6055397402        0.0439298298        0.0439298298
        1.6946236059        0.0490264539        0.0490264539
        1.7837074717        0.0547566198        0.0547566198
        1.8727913374        0.0611604976        0.0611604976
        1.9618752031        0.0673440891        0.0673440891
        2.0509590689        0.0746803882        0.0746803882
        2.1400429346        0.0823206821        0.0823206821
        2.2291268003        0.0901684581        0.0901684581
        2.3182106661        0.0991838818        0.0991838818
        2.4072945318        0.1088110187        0.1088110187
        2.4963783975        0.1191464791        0.1191464791
        2.5854622633        0.1304589632        0.1304589632
        2.6745461290        0.1433335449        0.1433335449
        2.7636299947        0.1571301526        0.1571301526
        2.8527138605        0.1729144774        0.1729144774
        2.9417977262        0.1913113727        0.1913113727
        3.0308815919        0.2126006416        0.2126006416
        3.1199654577        0.2383096705        0.2383096705
        3.2090493234        0.2734398163        0.2734398163
        3.2981331891        0.3338603753        0.3338603753
        3.3872170548        0.3880120636        0.3880120636
        3.4763009206        0.3797113570        0.3797113570
        3.5653847863        0.3697800100        0.3697800100
        3.6544686520        0.3638986063        0.3638986063
        3.7435525178        0.3584304437        0.3584304437
        3.8326363835        0.3556822430        0.3556822430
        3.9217202492        0.3518345499        0.3518345499
        4.0108041150        0.3470026555        0.3470026555
        4.0998879807        0.3446613222        0.3446613222
        4.1889718464        0.3408461485        0.3408461485
        4.2780557122        0.3385210106        0.3385210106
        4.3671395779        0.3409048697        0.3409048697
        4.4562234436        0.2791266322        0.2791266322
        4.5453073094        0.2504817452        0.2504817452
        4.6343911751        0.2333310294        0.2333310294
        4.7234750408        0.2171425513        0.2171425513
        4.8125589066        0.2075731213        0.2075731213
        4.9016427723        0.1958311859        0.1958311859
        4.9907266380        0.1893217751        0.1893217751
        5.0798105038        0.1830226505        0.1830226505
        5.1688943695        0.1761100161        0.1761100161
        5.2579782352        0.1725684248        0.1725684248
        5.3470621009        0.1692818441        0.1692818441
        5.4361459667        0.1643626798        0.1643626798
        5.5252298324        0.1624388863        0.1624388863
        5.6143136981        0.1601976231        0.1601976231
        5.7033975639        0.1630787853        0.1630787853
        5.7924814296        0.1673374884        0.1673374884
        5.8815652953        0.1705546955        0.1705546955
        5.9706491611        0.1801168407        0.1801168407
        6.0597330268        0.1850923844        0.1850923844
        6.1488168925        0.1887254873        0.1887254873
        6.2379007583        0.1940152164        0.1940152164
        6.3269846240        0.1983366101        0.1983366101
        6.4160684897        0.1484759903        0.1484759903
        6.5051523555        0.1219144858        0.1219144858
        6.5942362212        0.1015202838        0.1015202838
        6.6833200869        0.0817588464        0.0817588464
        6.7724039527        0.0573197181        0.0573197181
        6.8614878184        0.0328985841        0.0328985841
        6.9505716841        0.0341303443        0.0341303443
        7.0396555499        0.0353350997        0.0353350997
        7.1287394156        0.0367462298        0.0367462298
        7.2178232813        0.0382117091        0.0382117091
        7.3069071471        0.0396492402        0.0396492402
        7.3959910128        0.0410605458        0.0410605458
        7.4850748785        0.0426876469        0.0426876469
        7.5741587442        0.0444083700        0.0444083700
        7.6632426100        0.0460780842        0.0460780842
        7.7523264757        0.0477267958        0.0477267958
        7.8414103414        0.0497028045        0.0497028045
        7.9304942072        0.0516973657        0.0516973657
        8.0195780729        0.0536154716        0.0536154716
        8.1086619386        0.0556762208        0.0556762208
        8.1977458044        0.0580255164        0.0580255164
        8.2868296701        0.0603014168        0.0603014168
        8.3759135358        0.0625623187        0.0625623187
        8.4649974016        0.0652522748        0.0652522748
        8.5540812673        0.0679832559        0.0679832559
        8.6431651330        0.0706271298        0.0706271298
        8.7322489988        0.0736639854        0.0736639854
        8.8213328645        0.0768681640        0.0768681640
        8.9104167302        0.0800438487        0.0800438487
        8.9995005960        0.0835984191        0.0835984191
        9.0885844617        0.0874787849        0.0874787849
        9.1776683274        0.0912422574        0.0912422574
        9.2667521932        0.0956032979        0.0956032979
        9.3558360589        0.1002378472        0.1002378472
        9.4449199246        0.1049367119        0.1049367119
        9.5340037903        0.1105962310        0.1105962310
        9.6230876561        0.1164362545        0.1164362545
        9.7121715218        0.1227802869        0.1227802869
        9.8012553875        0.1303344064        0.1303344064
        9.8903392533        0.1384039222        0.1384039222
        9.9794231190        0.1485092610        0.1485092610
       10.0685069847        0.1602084011        0.1602084011
       10.1575908505        0.1751567466        0.1751567466
       10.2466747162        0.1963550183        0.1963550183
       10.3357585819        0.2313791690        0.2313791690
       10.4248424477        0.3467787877        0.3467787877
       10.5139263134        0.2591455187        0.2591455187
       10.6030101791        0.1948864398        0.1948864398
       10.6920940449        0.1615301214        0.1615301214
       10.7811779106        0.1435559471        0.1435559471
       10.8702617763        0.1146419175        0.1146419175
       10.9593456421        0.0937557476        0.0937557476
       11.0484295078        0.0595669271        0.0595669271
       11.1375133735        0.0453095216        0.0453095216
       11.2265972393        0.0406740548        0.0406740548
       11.3156811050        0.0493976068        0.0493976068
       11.4047649707        0.0625823279        0.0625823279
       11.4938488365        0.0862488701        0.0862488701
       11.5829327022        0.1305478140        0.1305478140
       11.6720165679        0.1962849914        0.1962849914
       11.7611004336        0.2199527785        0.2199527785
       11.8501842994        0.2371912008        0.2371912008
       11.9392681651        0.2699266339        0.2699266339
       12.0283520308        0.2749145618        0.2749145618
       12.1174358966        0.2311643024        0.2311643024
       12.2065197623        0.2041664418        0.2041664418
       12.2956036280        0.1871269806        0.1871269806
       12.3846874938        0.1750607522        0.1750607522
       12.4737713595        0.1671029670        0.1671029670
       12.5628552252        0.1606914699        0.1606914699
       12.6519390910        0.1551024451        0.1551024451
       12.7410229567        0.1507279286        0.1507279286
       12.8301068224        0.1464623177        0.1464623177
       12.9191906882        0.1428844729        0.1428844729
       13.0082745539        0.1395561451        0.1395561451
       13.0973584196        0.1363880324        0.1363880324
       13.1864422854        0.1335402944        0.1335402944
       13.2755261511        0.1308606076        0.1308606076
       13.3646100168        0.1282143996        0.1282143996
       13.4536938826        0.2324450513        0.2324450513
       13.5427777483        0.3451107911        0.3451107911
       13.6318616140        0.4792649891        0.4792649891
       13.7209454797        0.6840362315        0.6840362315
       13.8100293455        0.9932227224        0.9932227224
       13.8991132112        1.0549713052        1.0549713052
       13.9881970769        1.1240948160        1.1240948160
       14.0772809427        1.1977898857        1.1977898857
       14.1663648084        1.2576059033        1.2576059033
       14.2554486741        1.3103317581        1.3103317581
       14.3445325399        1.0056678037        1.0056678037
       14.4336164056        0.7516141640        0.7516141640
       14.5227002713        0.6111574358        0.6111574358
       14.6117841371        0.5109882296        0.5109882296
       14.7008680028        0.4298560896        0.4298560896
       14.7899518685        0.3583450470        0.3583450470
       14.8790357343        0.2901953792        0.2901953792
       14.9681196000        0.2160866695        0.2160866695
       15.0572034657        0.1068598891        0.1068598891
       15.1462873315        0.0000000000        0.0000000000
       15.2353711972        0.0000000000        0.0000000000
       15.3244550629        0.0000000000        0.0000000000
       15.4135389287        0.0000000000        0.0000000000
       15.5026227944        0.0000000000        0.0000000000
       15.5917066601        0.0000000000        0.0000000000
       15.6807905259        0.0000000000        0.0000000000
       15.7698743916        0.0000000000        0.0000000000
       15.8589582573        0.0000000000        0.0000000000
       15.9480421230        0.0000000000        0.0000000000
       16.0371259888        0.0000000000        0.0000000000
       16.1262098545        0.0000000000        0.0000000000
       16.2152937202        0.0000000000        0.0000000000
       16.3043775860        0.0000000000        0.0000000000
       16.3934614517        0.0000000000        0.0000000000
       16.4825453174        0.0000000000        0.0000000000
       16.5716291832        0.0000000000        0.0000000000
